0.000000000000000000e+00
0.000000000000000000e+00
0.000000000000000000e+00
0.000000000000000000e+00
0.000000000000000000e+00
0.000000000000000000e+00
0.000000000000000000e+00
0.000000000000000000e+00
0.000000000000000000e+00
0.000000000000000000e+00
0.000000000000000000e+00
0.000000000000000000e+00
0.000000000000000000e+00
0.000000000000000000e+00
0.000000000000000000e+00
0.000000000000000000e+00
0.000000000000000000e+00
0.000000000000000000e+00
0.000000000000000000e+00
0.000000000000000000e+00
0.000000000000000000e+00
0.000000000000000000e+00
0.000000000000000000e+00
0.000000000000000000e+00
0.000000000000000000e+00
0.000000000000000000e+00
0.000000000000000000e+00
0.000000000000000000e+00
0.000000000000000000e+00
0.000000000000000000e+00
0.000000000000000000e+00
0.000000000000000000e+00
0.000000000000000000e+00
0.000000000000000000e+00
0.000000000000000000e+00
0.000000000000000000e+00
0.000000000000000000e+00
1.000000000000000000e+00
1.000000000000000000e+00
1.000000000000000000e+00
1.000000000000000000e+00
1.000000000000000000e+00
3.000000000000000000e+00
3.000000000000000000e+00
4.000000000000000000e+00
5.000000000000000000e+00
5.000000000000000000e+00
5.000000000000000000e+00
5.000000000000000000e+00
5.000000000000000000e+00
5.000000000000000000e+00
5.000000000000000000e+00
6.000000000000000000e+00
8.000000000000000000e+00
8.000000000000000000e+00
1.200000000000000000e+01
2.000000000000000000e+01
2.800000000000000000e+01
3.900000000000000000e+01
5.200000000000000000e+01
1.020000000000000000e+02
1.020000000000000000e+02
1.430000000000000000e+02
1.830000000000000000e+02
2.560000000000000000e+02
3.310000000000000000e+02
4.010000000000000000e+02
4.570000000000000000e+02
5.250000000000000000e+02
5.720000000000000000e+02
6.240000000000000000e+02
7.040000000000000000e+02
7.640000000000000000e+02
8.220000000000000000e+02
8.820000000000000000e+02
9.290000000000000000e+02
9.180000000000000000e+02
9.270000000000000000e+02
9.210000000000000000e+02
9.080000000000000000e+02
8.860000000000000000e+02
8.550000000000000000e+02
7.980000000000000000e+02
7.290000000000000000e+02
6.490000000000000000e+02
6.220000000000000000e+02
5.820000000000000000e+02
5.440000000000000000e+02
5.070000000000000000e+02
4.540000000000000000e+02
4.260000000000000000e+02
4.010000000000000000e+02
3.440000000000000000e+02
3.250000000000000000e+02
3.100000000000000000e+02
2.700000000000000000e+02
2.390000000000000000e+02
2.260000000000000000e+02
2.160000000000000000e+02
2.080000000000000000e+02
2.020000000000000000e+02
2.010000000000000000e+02
1.910000000000000000e+02
1.640000000000000000e+02
1.510000000000000000e+02
1.360000000000000000e+02
1.220000000000000000e+02
1.030000000000000000e+02
1.020000000000000000e+02
9.000000000000000000e+01
7.800000000000000000e+01
7.400000000000000000e+01
6.500000000000000000e+01
5.600000000000000000e+01
4.900000000000000000e+01
4.500000000000000000e+01
4.500000000000000000e+01
4.500000000000000000e+01
3.500000000000000000e+01
3.000000000000000000e+01
