0.000000000000000000e+00
0.000000000000000000e+00
0.000000000000000000e+00
0.000000000000000000e+00
0.000000000000000000e+00
0.000000000000000000e+00
0.000000000000000000e+00
0.000000000000000000e+00
0.000000000000000000e+00
0.000000000000000000e+00
1.000000000000000000e+00
1.000000000000000000e+00
1.000000000000000000e+00
1.000000000000000000e+00
1.000000000000000000e+00
1.000000000000000000e+00
1.000000000000000000e+00
1.000000000000000000e+00
2.000000000000000000e+00
2.000000000000000000e+00
2.000000000000000000e+00
2.000000000000000000e+00
2.000000000000000000e+00
2.000000000000000000e+00
0.000000000000000000e+00
0.000000000000000000e+00
0.000000000000000000e+00
0.000000000000000000e+00
0.000000000000000000e+00
0.000000000000000000e+00
0.000000000000000000e+00
0.000000000000000000e+00
0.000000000000000000e+00
0.000000000000000000e+00
4.000000000000000000e+00
1.100000000000000000e+01
1.300000000000000000e+01
3.000000000000000000e+01
4.300000000000000000e+01
8.200000000000000000e+01
1.180000000000000000e+02
1.620000000000000000e+02
2.180000000000000000e+02
2.540000000000000000e+02
3.930000000000000000e+02
4.600000000000000000e+02
6.260000000000000000e+02
1.013000000000000000e+03
1.628000000000000000e+03
2.040000000000000000e+03
2.039000000000000000e+03
4.906000000000000000e+03
5.679000000000000000e+03
6.992000000000000000e+03
9.070000000000000000e+03
1.018700000000000000e+04
1.220600000000000000e+04
1.602600000000000000e+04
1.777900000000000000e+04
2.187400000000000000e+04
2.442100000000000000e+04
3.025000000000000000e+04
3.328300000000000000e+04
4.050100000000000000e+04
4.640600000000000000e+04
5.122400000000000000e+04
5.496800000000000000e+04
5.859800000000000000e+04
6.346000000000000000e+04
6.820000000000000000e+04
7.208400000000000000e+04
7.497400000000000000e+04
7.748800000000000000e+04
8.000200000000000000e+04
8.092500000000000000e+04
8.289700000000000000e+04
8.468900000000000000e+04
8.540700000000000000e+04
8.561000000000000000e+04
8.652400000000000000e+04
8.731200000000000000e+04
8.723100000000000000e+04
8.761600000000000000e+04
8.698100000000000000e+04
8.808300000000000000e+04
9.083600000000000000e+04
9.604000000000000000e+04
9.688600000000000000e+04
1.008640000000000000e+05
9.877100000000000000e+04
1.003820000000000000e+05
1.007570000000000000e+05
1.016170000000000000e+05
8.811100000000000000e+04
8.729500000000000000e+04
8.607200000000000000e+04
8.506900000000000000e+04
8.440300000000000000e+04
7.969500000000000000e+04
7.684200000000000000e+04
7.862300000000000000e+04
7.423400000000000000e+04
7.330000000000000000e+04
7.124000000000000000e+04
7.023000000000000000e+04
6.846600000000000000e+04
6.686600000000000000e+04
6.541000000000000000e+04
6.314800000000000000e+04
6.156300000000000000e+04
6.355300000000000000e+04
6.213000000000000000e+04
6.076400000000000000e+04
5.884500000000000000e+04
5.794100000000000000e+04
5.668900000000000000e+04
5.668900000000000000e+04
5.352100000000000000e+04
5.388300000000000000e+04
5.429100000000000000e+04
